0.001	0
0.002	0
0.003	0
0.004	0
0.005	0
0.006	0
0.007	0
0.008	0
0.009	0
0.01	0
0.011	0
0.012	0
0.013	0
0.014	0
0.015	0
0.016	0
0.017	0
0.018	0
0.019	0
0.02	0
0.021	0
0.022	0
0.023	0
0.024	0
0.025	0
0.026	0
0.027	0
0.028	0
0.029	0
0.03	0
0.031	0
0.032	0
0.033	0
0.034	0
0.035	0
0.036	0
0.037	0
0.038	0
0.039	0
0.04	0
0.041	0
0.042	0
0.043	0
0.044	0
0.045	0
0.046	0
0.047	0
0.048	0
0.049	0
0.05	0
0.051	0
0.052	0
0.053	0
0.054	0
0.055	0
0.056	0
0.057	0
0.058	0
0.059	0
0.06	0
0.061	0
0.062	0
0.063	0
0.064	0
0.065	0
0.066	0
0.067	0
0.068	0
0.069	0
0.07	0
0.071	0
0.072	0
0.073	0
0.074	0
0.075	0
0.076	0
0.077	0
0.078	0
0.079	0
0.08	0
0.081	0
0.082	0
0.083	0
0.084	0
0.085	0
0.086	0
0.087	0
0.088	0
0.089	0
0.09	0
0.091	0
0.092	0
0.093	0
0.094	0
0.095	0
0.096	0
0.097	0
0.098	0
0.099	0
0.1	0
0.101	0
0.102	0
0.103	0
0.104	0
0.105	0
0.106	0
0.107	0
0.108	0
0.109	0
0.11	0
0.111	0
0.112	0
0.113	0
0.114	0
0.115	0
0.116	0
0.117	0
0.118	0
0.119	0
0.12	0
0.121	0
0.122	0
0.123	0
0.124	0
0.125	0
0.126	0
0.127	0
0.128	0
0.129	0
0.13	0
0.131	0
0.132	0
0.133	0
0.134	0
0.135	0
0.136	0
0.137	0
0.138	0
0.139	0
0.14	0
0.141	0
0.142	0
0.143	0
0.144	0
0.145	0
0.146	0
0.147	0
0.148	0
0.149	0
0.15	0
0.151	0
0.152	0
0.153	0
0.154	0
0.155	0
0.156	0
0.157	0
0.158	0
0.159	0
0.16	0
0.161	0
0.162	0
0.163	0
0.164	0
0.165	0
0.166	0
0.167	0
0.168	0
0.169	0
0.17	0
0.171	0
0.172	0
0.173	0
0.174	0
0.175	0
0.176	0
0.177	0
0.178	0
0.179	0
0.18	0
0.181	0
0.182	0
0.183	0
0.184	0
0.185	0
0.186	0
0.187	0
0.188	0
0.189	0
0.19	0
0.191	0
0.192	0
0.193	0
0.194	0
0.195	0
0.196	0
0.197	0
0.198	0
0.199	0
0.2	0
0.201	0
0.202	0
0.203	0
0.204	0
0.205	0
0.206	0
0.207	0
0.208	0
0.209	0
0.21	0
0.211	0
0.212	0
0.213	0
0.214	0
0.215	0
0.216	0
0.217	0
0.218	0
0.219	0
0.22	0
0.221	0
0.222	0
0.223	0
0.224	0
0.225	0
0.226	0
0.227	0
0.228	0
0.229	0
0.23	0
0.231	0
0.232	0
0.233	0
0.234	0
0.235	0
0.236	0
0.237	0
0.238	0
0.239	0
0.24	0
0.241	0
0.242	0
0.243	0
0.244	0
0.245	0
0.246	0
0.247	0
0.248	0
0.249	0
0.25	0
0.251	0
0.252	0
0.253	0
0.254	0
0.255	0
0.256	0
0.257	0
0.258	0
0.259	0
0.26	0
0.261	0
0.262	0
0.263	0
0.264	0
0.265	0
0.266	0
0.267	0
0.268	0
0.269	0
0.27	0
0.271	0
0.272	0
0.273	0
0.274	0
0.275	0
0.276	0
0.277	0
0.278	0
0.279	0
0.28	0
0.281	0
0.282	0
0.283	0
0.284	0
0.285	0
0.286	0
0.287	0
0.288	0
0.289	0
0.29	0
0.291	0
0.292	0
0.293	0
0.294	0
0.295	0
0.296	0
0.297	0
0.298	0
0.299	0
0.3	0
0.301	0
0.302	0
0.303	0
0.304	0
0.305	0
0.306	0
0.307	0
0.308	0
0.309	0
0.31	0
0.311	0
0.312	0
0.313	0
0.314	0
0.315	0
0.316	0
0.317	0
0.318	0
0.319	0
0.32	0
0.321	0
0.322	0
0.323	0
0.324	0
0.325	0
0.326	0
0.327	0
0.328	0
0.329	0
0.33	0
0.331	0
0.332	0
0.333	0
0.334	0
0.335	0
0.336	0
0.337	0
0.338	0
0.339	0
0.34	0
0.341	0
0.342	0
0.343	0
0.344	0
0.345	0
0.346	0
0.347	0
0.348	0
0.349	0
0.35	0
0.351	0
0.352	0
0.353	0
0.354	0
0.355	0
0.356	0
0.357	0
0.358	0
0.359	0
0.36	0
0.361	0
0.362	0
0.363	0
0.364	0
0.365	0
0.366	0
0.367	0
0.368	0
0.369	0
0.37	0
0.371	0
0.372	0
0.373	0
0.374	0
0.375	0
0.376	0
0.377	0
0.378	0
0.379	0
0.38	0
0.381	0
0.382	0
0.383	0
0.384	0
0.385	0
0.386	0
0.387	0
0.388	0
0.389	0
0.39	0
0.391	0
0.392	0
0.393	0
0.394	0
0.395	0
0.396	0
0.397	0
0.398	0
0.399	0
0.4	0
0.401	0
0.402	0
0.403	0
0.404	0
0.405	0
0.406	0
0.407	0
0.408	0
0.409	0
0.41	0
0.411	0
0.412	0
0.413	0
0.414	0
0.415	0
0.416	0
0.417	0
0.418	0
0.419	0
0.42	0
0.421	0
0.422	0
0.423	0
0.424	0
0.425	0
0.426	0
0.427	0
0.428	0
0.429	0
0.43	0
0.431	0
0.432	0
0.433	0
0.434	0
0.435	0
0.436	0
0.437	0
0.438	0
0.439	0
0.44	0
0.441	0
0.442	0
0.443	0
0.444	0
0.445	0
0.446	0
0.447	0
0.448	0
0.449	0
0.45	0
0.451	0
0.452	0
0.453	0
0.454	0
0.455	0
0.456	0
0.457	0
0.458	0
0.459	0
0.46	0
0.461	0
0.462	0
0.463	0
0.464	0
0.465	0
0.466	0
0.467	0
0.468	0
0.469	0
0.47	0
0.471	0
0.472	0
0.473	0
0.474	0
0.475	0
0.476	0
0.477	0
0.478	0
0.479	0
0.48	0
0.481	0
0.482	0
0.483	0
0.484	0
0.485	0
0.486	0
0.487	0
0.488	0
0.489	0
0.49	0
0.491	0
0.492	0
0.493	0
0.494	0
0.495	0
0.496	0
0.497	0
0.498	0
0.499	0
0.5	0
0.501	0
0.502	0
0.503	0
0.504	0
0.505	0
0.506	0
0.507	0
0.508	0
0.509	0
0.51	0
0.511	0
0.512	0
0.513	0
0.514	0
0.515	0
0.516	0
0.517	0
0.518	0
0.519	0
0.52	0
0.521	0
0.522	0
0.523	0
0.524	0
0.525	0
0.526	0
0.527	0
0.528	0
0.529	0
0.53	0
0.531	0
0.532	0
0.533	0
0.534	0
0.535	0
0.536	0
0.537	0
0.538	0
0.539	0
0.54	0
0.541	0
0.542	0
0.543	0
0.544	0
0.545	0
0.546	0
0.547	0
0.548	0
0.549	0
0.55	0
0.551	0
0.552	0
0.553	0
0.554	0
0.555	0
0.556	0
0.557	0
0.558	0
0.559	0
0.56	0
0.561	0
0.562	0
0.563	0
0.564	0
0.565	0
0.566	0
0.567	0
0.568	0
0.569	0
0.57	0
0.571	0
0.572	0
0.573	0
0.574	0
0.575	0
0.576	0
0.577	0
0.578	0
0.579	0
0.58	0
0.581	0
0.582	0
0.583	0
0.584	0
0.585	0
0.586	0
0.587	0
0.588	0
0.589	0
0.59	0
0.591	0
0.592	0
0.593	0
0.594	0
0.595	0
0.596	0
0.597	0
0.598	0
0.599	0
0.6	0
0.601	0
0.602	0
0.603	0
0.604	0
0.605	0
0.606	0
0.607	0
0.608	0
0.609	0
0.61	0
0.611	0
0.612	0
0.613	0
0.614	0
0.615	0
0.616	0
0.617	0
0.618	0
0.619	0
0.62	0
0.621	0
0.622	0
0.623	0
0.624	0
0.625	0
0.626	0
0.627	0
0.628	9.88131e-323
0.629	1.67552e-316
0.63	2.51761e-310
0.631	2.81635e-304
0.632	2.36091e-298
0.633	1.49257e-292
0.634	7.16076e-287
0.635	2.62295e-281
0.636	7.37915e-276
0.637	1.60372e-270
0.638	2.70777e-265
0.639	3.57158e-260
0.64	3.70017e-255
0.641	3.02682e-250
0.642	1.96513e-245
0.643	1.01772e-240
0.644	4.22499e-236
0.645	1.41278e-231
0.646	3.82309e-227
0.647	8.41078e-223
0.648	1.51107e-218
0.649	2.22671e-214
0.65	2.70289e-210
0.651	2.71391e-206
0.652	2.26328e-202
0.653	1.57395e-198
0.654	9.16321e-195
0.655	4.48295e-191
0.656	1.84993e-187
0.657	6.4626e-184
0.658	1.91806e-180
0.659	4.85324e-177
0.66	1.05049e-173
0.661	1.95157e-170
0.662	3.12191e-167
0.663	4.314e-164
0.664	5.16547e-161
0.665	5.3756e-158
0.666	4.87664e-155
0.667	3.86766e-152
0.668	2.68931e-149
0.669	1.644e-146
0.67	8.85946e-144
0.671	4.21995e-141
0.672	1.78125e-138
0.673	6.67977e-136
0.674	2.23095e-133
0.675	6.65213e-131
0.676	1.77502e-128
0.677	4.24832e-126
0.678	9.14091e-124
0.679	1.77206e-121
0.68	3.10185e-119
0.681	4.9129e-117
0.682	7.05546e-115
0.683	9.20579e-113
0.684	1.09346e-110
0.685	1.18466e-108
0.686	1.17287e-106
0.687	1.0631e-104
0.688	8.838e-103
0.689	6.75081e-101
0.69	4.74603e-99
0.691	3.07619e-97
0.692	1.84128e-95
0.693	1.01943e-93
0.694	5.22886e-92
0.695	2.48854e-90
0.696	1.1006e-88
0.697	4.53e-87
0.698	1.73775e-85
0.699	6.22167e-84
0.7	2.08191e-82
0.701	6.51992e-81
0.702	1.91348e-79
0.703	5.2695e-78
0.704	1.36343e-76
0.705	3.31859e-75
0.706	7.60783e-74
0.707	1.64464e-72
0.708	3.35654e-71
0.709	6.47466e-70
0.71	1.18177e-68
0.711	2.04322e-67
0.712	3.34987e-66
0.713	5.21346e-65
0.714	7.71001e-64
0.715	1.08455e-62
0.716	1.45258e-61
0.717	1.85413e-60
0.718	2.25769e-59
0.719	2.62487e-58
0.72	2.91654e-57
0.721	3.09974e-56
0.722	3.15397e-55
0.723	3.07491e-54
0.724	2.87483e-53
0.725	2.57959e-52
0.726	2.22327e-51
0.727	1.84195e-50
0.728	1.46803e-49
0.729	1.12641e-48
0.73	8.32673e-48
0.731	5.9345e-47
0.732	4.08066e-46
0.733	2.70902e-45
0.734	1.7375e-44
0.735	1.07734e-43
0.736	6.46219e-43
0.737	3.75216e-42
0.738	2.11022e-41
0.739	1.15022e-40
0.74	6.08005e-40
0.741	3.11856e-39
0.742	1.55301e-38
0.743	7.51294e-38
0.744	3.53265e-37
0.745	1.61541e-36
0.746	7.18758e-36
0.747	3.11335e-35
0.748	1.31352e-34
0.749	5.40044e-34
0.75	2.16478e-33
0.751	8.46444e-33
0.752	3.22989e-32
0.753	1.20332e-31
0.754	4.37897e-31
0.755	1.55723e-30
0.756	5.41396e-30
0.757	1.84093e-29
0.758	6.12497e-29
0.759	1.99475e-28
0.76	6.36162e-28
0.761	1.98751e-27
0.762	6.08527e-27
0.763	1.8266e-26
0.764	5.37725e-26
0.765	1.55305e-25
0.766	4.40227e-25
0.767	1.22513e-24
0.768	3.34849e-24
0.769	8.99132e-24
0.77	2.37273e-23
0.771	6.15547e-23
0.772	1.57036e-22
0.773	3.94093e-22
0.774	9.73169e-22
0.775	2.36536e-21
0.776	5.66049e-21
0.777	1.33408e-20
0.778	3.09741e-20
0.779	7.08643e-20
0.78	1.59803e-19
0.781	3.5529e-19
0.782	7.78999e-19
0.783	1.68483e-18
0.784	3.5954e-18
0.785	7.57213e-18
0.786	1.57424e-17
0.787	3.23155e-17
0.788	6.55141e-17
0.789	1.31202e-16
0.79	2.59614e-16
0.791	5.07679e-16
0.792	9.81332e-16
0.793	1.87543e-15
0.794	3.5443e-15
0.795	6.62514e-15
0.796	1.22512e-14
0.797	2.24165e-14
0.798	4.05921e-14
0.799	7.27583e-14
0.8	1.29113e-13
0.801	2.26873e-13
0.802	3.94818e-13
0.803	6.80593e-13
0.804	1.16232e-12
0.805	1.96693e-12
0.806	3.2987e-12
0.807	5.48353e-12
0.808	9.03665e-12
0.809	1.47657e-11
0.81	2.39255e-11
0.811	3.84501e-11
0.812	6.1295e-11
0.813	9.69405e-11
0.814	1.52125e-10
0.815	2.36902e-10
0.816	3.66159e-10
0.817	5.61773e-10
0.818	8.55656e-10
0.819	1.29402e-09
0.82	1.94329e-09
0.821	2.8983e-09
0.822	4.29352e-09
0.823	6.31826e-09
0.824	9.23732e-09
0.825	1.34187e-08
0.826	1.93702e-08
0.827	2.77889e-08
0.828	3.96247e-08
0.829	5.61647e-08
0.83	7.91426e-08
0.831	1.10879e-07
0.832	1.54464e-07
0.833	2.13986e-07
0.834	2.94825e-07
0.835	4.04024e-07
0.836	5.50747e-07
0.837	7.46863e-07
0.838	1.00766e-06
0.839	1.35271e-06
0.84	1.80698e-06
0.841	2.40214e-06
0.842	3.17816e-06
0.843	4.18523e-06
0.844	5.48612e-06
0.845	7.15892e-06
0.846	9.30037e-06
0.847	1.20297e-05
0.848	1.54934e-05
0.849	1.98704e-05
0.85	2.53784e-05
0.851	3.22814e-05
0.852	4.08979e-05
0.853	5.16107e-05
0.854	6.48779e-05
0.855	8.1246e-05
0.856	0.000101364
0.857	0.000125999
0.858	0.000156056
0.859	0.000192599
0.86	0.00023687
0.861	0.000290318
0.862	0.000354629
0.863	0.00043175
0.864	0.000523932
0.865	0.00063376
0.866	0.000764199
0.867	0.000918632
0.868	0.00110092
0.869	0.00131542
0.87	0.00156711
0.871	0.00186155
0.872	0.00220503
0.873	0.00260458
0.874	0.00306808
0.875	0.0036043
0.876	0.00422299
0.877	0.00493496
0.878	0.00575214
0.879	0.00668771
0.88	0.00775614
0.881	0.0089733
0.882	0.0103565
0.883	0.0119248
0.884	0.0136986
0.885	0.0157004
0.886	0.0179543
0.887	0.0204864
0.888	0.0233249
0.889	0.0264999
0.89	0.0300439
0.891	0.0339915
0.892	0.0383798
0.893	0.0432479
0.894	0.0486379
0.895	0.0545939
0.896	0.0611629
0.897	0.0683942
0.898	0.0763399
0.899	0.0850547
0.9	0.0945959
0.901	0.105023
0.902	0.1164
0.903	0.128791
0.904	0.142263
0.905	0.156888
0.906	0.172737
0.907	0.189887
0.908	0.208414
0.909	0.228399
0.91	0.249922
0.911	0.273069
0.912	0.297925
0.913	0.324577
0.914	0.353114
0.915	0.383627
0.916	0.416208
0.917	0.45095
0.918	0.487946
0.919	0.527291
0.92	0.56908
0.921	0.613409
0.922	0.660373
0.923	0.710067
0.924	0.762587
0.925	0.818026
0.926	0.876479
0.927	0.938038
0.928	1.00279
0.929	1.07084
0.93	1.14226
0.931	1.21714
0.932	1.29557
0.933	1.37762
0.934	1.46338
0.935	1.55292
0.936	1.64632
0.937	1.74365
0.938	1.84497
0.939	1.95035
0.94	2.05984
0.941	2.1735
0.942	2.29138
0.943	2.41354
0.944	2.54
0.945	2.67082
0.946	2.80602
0.947	2.94564
0.948	3.0897
0.949	3.23821
0.95	3.3912
0.951	3.54867
0.952	3.71062
0.953	3.87707
0.954	4.048
0.955	4.2234
0.956	4.40326
0.957	4.58756
0.958	4.77627
0.959	4.96936
0.96	5.1668
0.961	5.36855
0.962	5.57456
0.963	5.78479
0.964	5.99918
0.965	6.21767
0.966	6.4402
0.967	6.66671
0.968	6.89713
0.969	7.13137
0.97	7.36937
0.971	7.61104
0.972	7.85629
0.973	8.10503
0.974	8.35718
0.975	8.61264
0.976	8.8713
0.977	9.13307
0.978	9.39785
0.979	9.66553
0.98	9.93599
0.981	10.2091
0.982	10.4848
0.983	10.763
0.984	11.0435
0.985	11.3262
0.986	11.611
0.987	11.8978
0.988	12.1865
0.989	12.4769
0.99	12.7689
0.991	13.0624
0.992	13.3573
0.993	13.6534
0.994	13.9507
0.995	14.2489
0.996	14.5481
0.997	14.848
0.998	15.1485
0.999	15.4495
1	15.751
1.001	16.0527
1.002	16.3545
1.003	16.6564
1.004	16.9583
1.005	17.2599
1.006	17.5612
1.007	17.8622
1.008	18.1625
1.009	18.4623
1.01	18.7613
1.011	19.0595
1.012	19.3567
1.013	19.6528
1.014	19.9478
1.015	20.2416
1.016	20.534
1.017	20.8249
1.018	21.1144
1.019	21.4022
1.02	21.6883
1.021	21.9727
1.022	22.2551
1.023	22.5357
1.024	22.8141
1.025	23.0905
1.026	23.3648
1.027	23.6367
1.028	23.9064
1.029	24.1737
1.03	24.4385
1.031	24.7009
1.032	24.9607
1.033	25.2179
1.034	25.4724
1.035	25.7242
1.036	25.9732
1.037	26.2194
1.038	26.4628
1.039	26.7033
1.04	26.9408
1.041	27.1753
1.042	27.4069
1.043	27.6354
1.044	27.8608
1.045	28.0831
1.046	28.3023
1.047	28.5183
1.048	28.7311
1.049	28.9407
1.05	29.1472
1.051	29.3503
1.052	29.5503
1.053	29.7469
1.054	29.9403
1.055	30.1304
1.056	30.3172
1.057	30.5007
1.058	30.6808
1.059	30.8577
1.06	31.0312
1.061	31.2015
1.062	31.3684
1.063	31.532
1.064	31.6922
1.065	31.8492
1.066	32.0029
1.067	32.1533
1.068	32.3003
1.069	32.4442
1.07	32.5847
1.071	32.722
1.072	32.8561
1.073	32.9869
1.074	33.1145
1.075	33.2389
1.076	33.3601
1.077	33.4782
1.078	33.5931
1.079	33.7049
1.08	33.8136
1.081	33.9192
1.082	34.0218
1.083	34.1213
1.084	34.2178
1.085	34.3112
1.086	34.4017
1.087	34.4893
1.088	34.5739
1.089	34.6557
1.09	34.7345
1.091	34.8105
1.092	34.8837
1.093	34.9541
1.094	35.0217
1.095	35.0866
1.096	35.1487
1.097	35.2082
1.098	35.265
1.099	35.3192
1.1	35.3708
1.101	35.4198
1.102	35.4663
1.103	35.5103
1.104	35.5518
1.105	35.5908
1.106	35.6274
1.107	35.6616
1.108	35.6935
1.109	35.723
1.11	35.7502
1.111	35.7751
1.112	35.7978
1.113	35.8182
1.114	35.8365
1.115	35.8526
1.116	35.8666
1.117	35.8785
1.118	35.8884
1.119	35.8962
1.12	35.9019
1.121	35.9057
1.122	35.9076
1.123	35.9083
1.124	35.9101
1.125	35.9141
1.126	35.9191
1.127	35.927
1.128	35.9357
1.129	35.9475
1.13	35.9599
1.131	35.9746
1.132	35.9907
1.133	36.0081
1.134	36.0277
1.135	36.0478
1.136	36.071
1.137	36.0947
1.138	36.1207
1.139	36.1476
1.14	36.176
1.141	36.2061
1.142	36.2366
1.143	36.2698
1.144	36.3034
1.145	36.3394
1.146	36.3759
1.147	36.4138
1.148	36.4531
1.149	36.4928
1.15	36.535
1.151	36.5774
1.152	36.622
1.153	36.667
1.154	36.7131
1.155	36.7606
1.156	36.808
1.157	36.8584
1.158	36.9086
1.159	36.9604
1.16	37.0129
1.161	37.0659
1.162	37.1206
1.163	37.1753
1.164	37.2323
1.165	37.2893
1.166	37.3472
1.167	37.4062
1.168	37.4648
1.169	37.5263
1.17	37.5873
1.171	37.6496
1.172	37.7124
1.173	37.7752
1.174	37.84
1.175	37.9047
1.176	37.9708
1.177	38.0371
1.178	38.1035
1.179	38.1714
1.18	38.2393
1.181	38.3087
1.182	38.3781
1.183	38.4476
1.184	38.5184
1.185	38.5892
1.186	38.6614
1.187	38.7336
1.188	38.8057
1.189	38.8791
1.19	38.9524
1.191	39.027
1.192	39.1016
1.193	39.1759
1.194	39.2517
1.195	39.3272
1.196	39.4038
1.197	39.4804
1.198	39.5565
1.199	39.6345
1.2	39.712
1.201	39.7902
1.202	39.8686
1.203	39.946
1.204	40.0261
1.205	40.1052
1.206	40.1845
1.207	40.2645
1.208	40.3439
1.209	40.4249
1.21	40.5055
1.211	40.5855
1.212	40.667
1.213	40.748
1.214	40.8297
1.215	40.9113
1.216	40.9919
1.217	41.0751
1.218	41.1571
1.219	41.239
1.22	41.3216
1.221	41.4039
1.222	41.4871
1.223	41.57
1.224	41.6518
1.225	41.736
1.226	41.8191
1.227	41.902
1.228	41.9855
1.229	42.0687
1.23	42.1526
1.231	42.2363
1.232	42.3187
1.233	42.4036
1.234	42.4873
1.235	42.5705
1.236	42.6548
1.237	42.7385
1.238	42.8225
1.239	42.9065
1.24	42.9897
1.241	43.0745
1.242	43.1584
1.243	43.2412
1.244	43.3262
1.245	43.4101
1.246	43.4935
1.247	43.5777
1.248	43.6614
1.249	43.7453
1.25	43.8292
1.251	43.9123
1.252	43.9967
1.253	44.0804
1.254	44.1627
1.255	44.2475
1.256	44.3309
1.257	44.4134
1.258	44.4975
1.259	44.5807
1.26	44.6635
1.261	44.7469
1.262	44.8298
1.263	44.9127
1.264	44.9956
1.265	45.078
1.266	45.161
1.267	45.2436
1.268	45.3252
1.269	45.4084
1.27	45.4906
1.271	45.5714
1.272	45.6546
1.273	45.7364
1.274	45.817
1.275	45.8997
1.276	45.9812
1.277	46.0616
1.278	46.1437
1.279	46.2247
1.28	46.305
1.281	46.3864
1.282	46.467
1.283	46.5471
1.284	46.6278
1.285	46.708
1.286	46.7878
1.287	46.8679
1.288	46.9477
1.289	47.0271
1.29	47.1067
1.291	47.1859
1.292	47.265
1.293	47.3439
1.294	47.4227
1.295	47.5013
1.296	47.5798
1.297	47.658
1.298	47.7362
1.299	47.8141
1.3	47.8919
1.301	47.9695
1.302	48.0469
1.303	48.1241
1.304	48.2011
1.305	48.2781
1.306	48.3548
1.307	48.4312
1.308	48.5077
1.309	48.5838
1.31	48.6595
1.311	48.7356
1.312	48.8112
1.313	48.8862
1.314	48.9619
1.315	49.0369
1.316	49.1111
1.317	49.1864
1.318	49.2609
1.319	49.3342
1.32	49.4092
1.321	49.4831
1.322	49.5555
1.323	49.6303
1.324	49.7036
1.325	49.7753
1.326	49.8495
1.327	49.9222
1.328	49.9937
1.329	50.067
1.33	50.139
1.331	50.2103
1.332	50.2826
1.333	50.354
1.334	50.4251
1.335	50.4963
1.336	50.5673
1.337	50.638
1.338	50.7081
1.339	50.779
1.34	50.8491
1.341	50.9179
1.342	50.9887
1.343	51.0582
1.344	51.1262
1.345	51.1966
1.346	51.2654
1.347	51.3334
1.348	51.4025
1.349	51.4707
1.35	51.5386
1.351	51.6064
1.352	51.6744
1.353	51.7419
1.354	51.8083
1.355	51.8764
1.356	51.9432
1.357	52.0085
1.358	52.0763
1.359	52.1425
1.36	52.2079
1.361	52.2743
1.362	52.3398
1.363	52.4054
1.364	52.4702
1.365	52.5359
1.366	52.6007
1.367	52.6639
1.368	52.7299
1.369	52.7941
1.37	52.8573
1.371	52.9218
1.372	52.9853
1.373	53.0488
1.374	53.1116
1.375	53.1753
1.376	53.2382
1.377	53.2993
1.378	53.3633
1.379	53.4255
1.38	53.487
1.381	53.5491
1.382	53.6109
1.383	53.6725
1.384	53.7327
1.385	53.7949
1.386	53.8558
1.387	53.9154
1.388	53.9768
1.389	54.0369
1.39	54.0971
1.391	54.1564
1.392	54.2169
1.393	54.2765
1.394	54.3345
1.395	54.3948
1.396	54.4536
1.397	54.5122
1.398	54.5705
1.399	54.6294
1.4	54.6877
1.401	54.7442
1.402	54.8034
1.403	54.8609
1.404	54.9181
1.405	54.975
1.406	55.0327
1.407	55.0896
1.408	55.1449
1.409	55.2027
1.41	55.2588
1.411	55.3148
1.412	55.3703
1.413	55.4268
1.414	55.4824
1.415	55.5366
1.416	55.5928
1.417	55.6476
1.418	55.7026
1.419	55.7563
1.42	55.8119
1.421	55.8661
1.422	55.9195
1.423	55.9738
1.424	56.0277
1.425	56.0814
1.426	56.1332
1.427	56.1881
1.428	56.2409
1.429	56.2936
1.43	56.3459
1.431	56.3991
1.432	56.4515
1.433	56.5026
1.434	56.5554
1.435	56.6071
1.436	56.659
1.437	56.709
1.438	56.7618
1.439	56.8128
1.44	56.8634
1.441	56.9138
1.442	56.9652
1.443	57.0157
1.444	57.065
1.445	57.1157
1.446	57.1658
1.447	57.2157
1.448	57.2637
1.449	57.3147
1.45	57.3637
1.451	57.4129
1.452	57.4609
1.453	57.5109
1.454	57.5594
1.455	57.6074
1.456	57.6555
1.457	57.7043
1.458	57.7523
1.459	57.7991
1.46	57.8474
1.461	57.8951
1.462	57.9425
1.463	57.9883
1.464	58.0365
1.465	58.0832
1.466	58.1301
1.467	58.1751
1.468	58.2231
1.469	58.2691
1.47	58.3152
1.471	58.36
1.472	58.4071
1.473	58.4526
1.474	58.4977
1.475	58.5425
1.476	58.5886
1.477	58.6335
1.478	58.6778
1.479	58.7224
1.48	58.7677
1.481	58.8121
1.482	58.8555
1.483	58.8998
1.484	58.9443
1.485	58.9882
1.486	59.0309
1.487	59.0748
1.488	59.1186
1.489	59.1619
1.49	59.2039
1.491	59.2475
1.492	59.2906
1.493	59.3334
1.494	59.3747
1.495	59.4178
1.496	59.4603
1.497	59.5025
1.498	59.5433
1.499	59.5859
1.5	59.6277
1.501	59.6694
1.502	59.7096
1.503	59.7516
1.504	59.793
1.505	59.8341
1.506	59.8738
1.507	59.9152
1.508	59.9561
1.509	59.9966
1.51	60.0359
1.511	60.0765
1.512	60.117
1.513	60.1569
1.514	60.1958
1.515	60.2356
1.516	60.2758
1.517	60.3151
1.518	60.3537
1.519	60.3926
1.52	60.4324
1.521	60.4712
1.522	60.5094
1.523	60.5475
1.524	60.587
1.525	60.6252
1.526	60.6632
1.527	60.7002
1.528	60.7395
1.529	60.777
1.53	60.8149
1.531	60.8508
1.532	60.8899
1.533	60.927
1.534	60.9645
1.535	61.0001
1.536	61.0383
1.537	61.0752
1.538	61.1122
1.539	61.1476
1.54	61.1846
1.541	61.2215
1.542	61.2578
1.543	61.2932
1.544	61.3289
1.545	61.3658
1.546	61.4013
1.547	61.4368
1.548	61.471
1.549	61.508
1.55	61.5429
1.551	61.5784
1.552	61.6119
1.553	61.6482
1.554	61.6831
1.555	61.718
1.556	61.7516
1.557	61.7864
1.558	61.8215
1.559	61.8557
1.56	61.8894
1.561	61.9225
1.562	61.9578
1.563	61.9913
1.564	62.0252
1.565	62.0572
1.566	62.0921
1.567	62.1256
1.568	62.1591
1.569	62.1913
1.57	62.2244
1.571	62.2582
1.572	62.2909
1.573	62.3235
1.574	62.3547
1.575	62.3888
1.576	62.4209
1.577	62.4536
1.578	62.4845
1.579	62.5174
1.58	62.5499
1.581	62.5818
1.582	62.6131
1.583	62.6438
1.584	62.6768
1.585	62.7079
1.586	62.7397
1.587	62.7695
1.588	62.8017
1.589	62.8332
1.59	62.8642
1.591	62.8946
1.592	62.9245
1.593	62.9565
1.594	62.9866
1.595	63.0176
1.596	63.0465
1.597	63.0778
1.598	63.1085
1.599	63.1385
1.6	63.1681
1.601	63.1969
1.602	63.2282
1.603	63.2576
1.604	63.2876
1.605	63.3159
1.606	63.3458
1.607	63.3759
1.608	63.405
1.609	63.434
1.61	63.4612
1.611	63.492
1.612	63.521
1.613	63.5499
1.614	63.5778
1.615	63.606
1.616	63.6357
1.617	63.6637
1.618	63.6924
1.619	63.7192
1.62	63.7482
1.621	63.7769
1.622	63.8047
1.623	63.8324
1.624	63.8584
1.625	63.888
1.626	63.9156
1.627	63.9434
1.628	63.97
1.629	63.9968
1.63	64.0254
1.631	64.0521
1.632	64.0797
1.633	64.1055
1.634	64.1328
1.635	64.1605
1.636	64.1869
1.637	64.2137
1.638	64.2387
1.639	64.2665
1.64	64.2934
1.641	64.3197
1.642	64.3457
1.643	64.37
1.644	64.398
1.645	64.4241
1.646	64.4502
1.647	64.4755
1.648	64.5001
1.649	64.5274
1.65	64.5529
1.651	64.5787
1.652	64.6033
1.653	64.6281
1.654	64.6548
1.655	64.6796
1.656	64.7052
1.657	64.7291
1.658	64.7541
1.659	64.7801
1.66	64.8044
1.661	64.8296
1.662	64.8531
1.663	64.878
1.664	64.9035
1.665	64.9275
1.666	64.9522
1.667	64.9752
1.668	64.9999
1.669	65.025
1.67	65.0487
1.671	65.0729
1.672	65.0954
1.673	65.12
1.674	65.1446
1.675	65.1679
1.676	65.1918
1.677	65.2139
1.678	65.2381
1.679	65.2624
1.68	65.2854
1.681	65.3089
1.682	65.3307
1.683	65.3544
1.684	65.3784
1.685	65.401
1.686	65.4243
1.687	65.4458
1.688	65.4689
1.689	65.4927
1.69	65.5148
1.691	65.5378
1.692	65.5592
1.693	65.5816
1.694	65.6052
1.695	65.627
1.696	65.6497
1.697	65.6709
1.698	65.6925
1.699	65.716
1.7	65.7376
1.701	65.7599
1.702	65.781
1.703	65.8017
1.704	65.825
1.705	65.8466
1.706	65.8684
1.707	65.8894
1.708	65.9091
1.709	65.9324
1.71	65.954
1.711	65.9752
1.712	65.9962
1.713	66.0156
1.714	66.038
1.715	66.0597
1.716	66.0803
1.717	66.1014
1.718	66.1208
1.719	66.142
1.72	66.1637
1.721	66.1838
1.722	66.2049
1.723	66.2245
1.724	66.2442
1.725	66.2661
1.726	66.2863
1.727	66.3068
1.728	66.3265
1.729	66.3447
1.73	66.3668
1.731	66.3872
1.732	66.407
1.733	66.4269
1.734	66.4452
1.735	66.4658
1.736	66.4865
1.737	66.5055
1.738	66.5257
1.739	66.5443
1.74	66.563
1.741	66.584
1.742	66.6034
1.743	66.6228
1.744	66.6418
1.745	66.6591
1.746	66.6799
1.747	66.6996
1.748	66.7182
1.749	66.7376
1.75	66.7553
1.751	66.774
1.752	66.7942
1.753	66.8127
1.754	66.8317
1.755	66.8499
1.756	66.8665
1.757	66.887
1.758	66.906
1.759	66.9241
1.76	66.9428
1.761	66.9598
1.762	66.978
1.763	66.9976
1.764	67.0155
1.765	67.0339
1.766	67.0516
1.767	67.0676
1.768	67.0873
1.769	67.1059
1.77	67.1233
1.771	67.1415
1.772	67.1582
1.773	67.1752
1.774	67.1945
1.775	67.2121
1.776	67.2297
1.777	67.247
1.778	67.2628
1.779	67.2812
1.78	67.2995
1.781	67.3163
1.782	67.334
1.783	67.3505
1.784	67.3659
1.785	67.385
1.786	67.4025
1.787	67.4192
1.788	67.4364
1.789	67.4522
1.79	67.4685
1.791	67.4869
1.792	67.5037
1.793	67.5204
1.794	67.537
1.795	67.552
1.796	67.5692
1.797	67.5869
1.798	67.603
1.799	67.6198
1.8	67.6357
1.801	67.6501
1.802	67.6681
1.803	67.6851
1.804	67.7006
1.805	67.7174
1.806	67.7327
1.807	67.7471
1.808	67.7651
1.809	67.7816
1.81	67.7971
1.811	67.8133
1.812	67.8281
1.813	67.8429
1.814	67.8604
1.815	67.8764
1.816	67.8918
1.817	67.9076
1.818	67.9219
1.819	67.937
1.82	67.9541
1.821	67.9696
1.822	67.9849
1.823	68.0003
1.824	68.0142
1.825	68.0294
1.826	68.0461
1.827	68.0613
1.828	68.0764
1.829	68.0915
1.83	68.1051
1.831	68.1202
1.832	68.1366
1.833	68.1514
1.834	68.1664
1.835	68.1812
1.836	68.1945
1.837	68.2094
1.838	68.2255
1.839	68.2401
1.84	68.2548
1.841	68.2694
1.842	68.2825
1.843	68.2971
1.844	68.313
1.845	68.3274
1.846	68.3418
1.847	68.3562
1.848	68.3691
1.849	68.3832
1.85	68.3989
1.851	68.4132
1.852	68.4273
1.853	68.4415
1.854	68.4544
1.855	68.4678
1.856	68.4834
1.857	68.4977
1.858	68.5113
1.859	68.5255
1.86	68.5383
1.861	68.5508
1.862	68.5665
1.863	68.5807
1.864	68.5939
1.865	68.6081
1.866	68.6209
1.867	68.6324
1.868	68.6481
1.869	68.6624
1.87	68.6753
1.871	68.6893
1.872	68.7022
1.873	68.7137
1.874	68.7283
1.875	68.7427
1.876	68.7557
1.877	68.7691
1.878	68.7821
1.879	68.7938
1.88	68.8069
1.881	68.8215
1.882	68.8347
1.883	68.8475
1.884	68.8607
1.885	68.8726
1.886	68.8841
1.887	68.8989
1.888	68.9123
1.889	68.9244
1.89	68.9379
1.891	68.95
1.892	68.9607
1.893	68.9749
1.894	68.9886
1.895	69.0009
1.896	69.0136
1.897	69.0261
1.898	69.0371
1.899	69.0493
1.9	69.0634
1.901	69.076
1.902	69.0879
1.903	69.1007
1.904	69.1122
1.905	69.1223
1.906	69.1367
1.907	69.1497
1.908	69.1614
1.909	69.174
1.91	69.1858
1.911	69.1964
1.912	69.2084
1.913	69.222
1.914	69.2341
1.915	69.2457
1.916	69.258
1.917	69.269
1.918	69.2787
1.919	69.2926
1.92	69.3053
1.921	69.3167
1.922	69.3287
1.923	69.3403
1.924	69.3505
1.925	69.3617
1.926	69.375
1.927	69.3869
1.928	69.3978
1.929	69.41
1.93	69.4208
1.931	69.4304
1.932	69.443
1.933	69.4556
1.934	69.4669
1.935	69.4781
1.936	69.4896
1.937	69.4998
1.938	69.5093
1.939	69.5226
1.94	69.5346
1.941	69.5452
1.942	69.5567
1.943	69.5677
1.944	69.5773
1.945	69.5878
1.946	69.6006
1.947	69.612
1.948	69.6221
1.949	69.6338
1.95	69.6442
1.951	69.6533
1.952	69.6647
1.953	69.677
1.954	69.6879
1.955	69.6982
1.956	69.7094
1.957	69.7194
1.958	69.728
1.959	69.7401
1.96	69.7519
1.961	69.7624
1.962	69.7728
1.963	69.7837
1.964	69.7932
1.965	69.8015
1.966	69.814
1.967	69.8255
1.968	69.8356
1.969	69.846
1.97	69.8565
1.971	69.8658
1.972	69.8741
1.973	69.8865
1.974	69.8977
1.975	69.9076
1.976	69.9179
1.977	69.9281
1.978	69.9371
1.979	69.9455
1.98	69.9576
1.981	69.9686
1.982	69.9782
1.983	69.9884
1.984	69.9984
1.985	70.0072
1.986	70.0154
1.987	70.0274
1.988	70.0382
1.989	70.0477
1.99	70.0577
1.991	70.0675
1.992	70.0762
1.993	70.084
1.994	70.0959
1.995	70.1065
1.996	70.116
1.997	70.1256
1.998	70.1355
1.999	70.144
2	70.1514
2.001	70.163
2.002	70.1737
2.003	70.1831
2.004	70.1924
2.005	70.2022
2.006	70.2108
2.007	70.2181
2.008	70.2289
2.009	70.2396
2.01	70.249
2.011	70.2578
2.012	70.2677
2.013	70.2763
2.014	70.2838
2.015	70.2935
2.016	70.3042
2.017	70.3138
2.018	70.3221
2.019	70.332
2.02	70.3408
2.021	70.3484
2.022	70.3567
2.023	70.3676
2.024	70.3773
2.025	70.3858
2.026	70.3951
2.027	70.4041
2.028	70.4118
2.029	70.4187
2.03	70.4298
2.031	70.4397
2.032	70.4484
2.033	70.457
2.034	70.4662
2.035	70.4742
2.036	70.481
2.037	70.4906
2.038	70.5008
2.039	70.5098
2.04	70.5176
2.041	70.527
2.042	70.5354
2.043	70.5425
2.044	70.55
2.045	70.5606
2.046	70.5699
2.047	70.5781
2.048	70.5867
2.049	70.5953
2.05	70.6029
2.051	70.6093
2.052	70.619
2.053	70.6288
2.054	70.6374
2.055	70.6449
2.056	70.6541
2.057	70.662
2.058	70.6688
2.059	70.6761
2.06	70.6863
2.061	70.6954
2.062	70.7033
2.063	70.7114
2.064	70.7199
2.065	70.7272
2.066	70.7334
2.067	70.7424
2.068	70.752
2.069	70.7604
2.07	70.7677
2.071	70.7764
2.072	70.7843
2.073	70.791
2.074	70.7969
2.075	70.8071
2.076	70.8162
2.077	70.824
2.078	70.8314
2.079	70.8399
2.08	70.8473
2.081	70.8535
2.082	70.8607
2.083	70.8704
2.084	70.879
2.085	70.8864
2.086	70.8941
2.087	70.9021
2.088	70.909
2.089	70.9148
2.09	70.9231
2.091	70.9323
2.092	70.9405
2.093	70.9475
2.094	70.9555
2.095	70.9631
2.096	70.9696
2.097	70.9751
2.098	70.984
2.099	70.9929
2.1	71.0007
2.101	71.0074
2.102	71.0156
2.103	71.0229
2.104	71.0291
2.105	71.0343
2.106	71.0437
2.107	71.0523
2.108	71.0599
2.109	71.0663
2.11	71.0745
2.111	71.0816
2.112	71.0876
2.113	71.0926
2.114	71.1021
2.115	71.1105
2.116	71.1179
2.117	71.1242
2.118	71.1322
2.119	71.1391
2.12	71.145
2.121	71.1499
2.122	71.1593
2.123	71.1676
2.124	71.1748
2.125	71.181
2.126	71.1889
2.127	71.1957
2.128	71.2014
2.129	71.2061
2.13	71.2153
2.131	71.2236
2.132	71.2307
2.133	71.2368
2.134	71.2444
2.135	71.2512
2.136	71.2569
2.137	71.2616
2.138	71.2702
2.139	71.2784
2.14	71.2855
2.141	71.2916
2.142	71.2989
2.143	71.3057
2.144	71.3115
2.145	71.3161
2.146	71.3238
2.147	71.3321
2.148	71.3393
2.149	71.3455
2.15	71.3523
2.151	71.3592
2.152	71.365
2.153	71.3698
2.154	71.3763
2.155	71.3847
2.156	71.3921
2.157	71.3984
2.158	71.4046
2.159	71.4116
2.16	71.4176
2.161	71.4226
2.162	71.4276
2.163	71.4362
2.164	71.4437
2.165	71.4502
2.166	71.4557
2.167	71.463
2.168	71.4692
2.169	71.4744
2.17	71.4786
2.171	71.4865
2.172	71.4943
2.173	71.501
2.174	71.5068
2.175	71.5132
2.176	71.5198
2.177	71.5253
2.178	71.5297
2.179	71.5355
2.18	71.5436
2.181	71.5507
2.182	71.5568
2.183	71.5623
2.184	71.5692
2.185	71.5751
2.186	71.5799
2.187	71.5837
2.188	71.5918
2.189	71.5993
2.19	71.6057
2.191	71.6112
2.192	71.6175
2.193	71.6238
2.194	71.629
2.195	71.6333
2.196	71.6386
2.197	71.6465
2.198	71.6535
2.199	71.6594
2.2	71.6645
2.201	71.6712
2.202	71.677
2.203	71.6818
2.204	71.6855
2.205	71.6925
2.206	71.7
2.207	71.7064
2.208	71.7119
2.209	71.7175
2.21	71.7238
2.211	71.7291
2.212	71.7334
2.213	71.737
2.214	71.7451
2.215	71.7521
2.216	71.7581
2.217	71.7632
2.218	71.7692
2.219	71.7751
2.22	71.7801
2.221	71.784
2.222	71.7886
2.223	71.7964
2.224	71.8031
2.225	71.8088
2.226	71.8135
2.227	71.8198
2.228	71.8254
2.229	71.8301
2.23	71.8337
2.231	71.839
2.232	71.8465
2.233	71.8529
2.234	71.8584
2.235	71.8629
2.236	71.8693
2.237	71.8747
2.238	71.8791
2.239	71.8826
2.24	71.8882
2.241	71.8955
2.242	71.9017
2.243	71.907
2.244	71.9116
2.245	71.9178
2.246	71.923
2.247	71.9273
2.248	71.9306
2.249	71.9363
2.25	71.9434
2.251	71.9495
2.252	71.9547
2.253	71.9591
2.254	71.9652
2.255	71.9704
2.256	71.9746
2.257	71.9778
2.258	71.9832
2.259	71.9903
2.26	71.9964
2.261	72.0015
2.262	72.0057
2.263	72.0117
2.264	72.0169
2.265	72.0211
2.266	72.0243
2.267	72.029
2.268	72.0361
2.269	72.0422
2.27	72.0474
2.271	72.0516
2.272	72.0572
2.273	72.0624
2.274	72.0667
2.275	72.07
2.276	72.0737
2.277	72.0808
2.278	72.0871
2.279	72.0923
2.28	72.0966
2.281	72.1018
2.282	72.1071
2.283	72.1115
2.284	72.1149
2.285	72.1174
2.286	72.1245
2.287	72.1309
2.288	72.1363
2.289	72.1408
2.29	72.1453
2.291	72.1508
2.292	72.1554
2.293	72.159
2.294	72.1618
2.295	72.1671
2.296	72.1737
2.297	72.1794
2.298	72.1841
2.299	72.188
2.3	72.1935
2.301	72.1983
2.302	72.2023
2.303	72.2053
2.304	72.2085
2.305	72.2154
2.306	72.2214
2.307	72.2265
2.308	72.2306
2.309	72.2352
2.31	72.2403
2.311	72.2446
2.312	72.248
2.313	72.2504
2.314	72.256
2.315	72.2623
2.316	72.2678
2.317	72.2723
2.318	72.2759
2.319	72.2813
2.32	72.2859
2.321	72.2897
2.322	72.2926
2.323	72.2953
2.324	72.3021
2.325	72.308
2.326	72.3129
2.327	72.317
2.328	72.3211
2.329	72.3262
2.33	72.3304
2.331	72.3338
2.332	72.3362
2.333	72.3406
2.334	72.3469
2.335	72.3524
2.336	72.357
2.337	72.3607
2.338	72.3653
2.339	72.3701
2.34	72.3739
2.341	72.3769
2.342	72.3791
2.343	72.3846
2.344	72.3906
2.345	72.3958
2.346	72.4001
2.347	72.4035
2.348	72.4084
2.349	72.4129
2.35	72.4165
2.351	72.4193
2.352	72.4211
2.353	72.4274
2.354	72.4333
2.355	72.4382
2.356	72.4422
2.357	72.4454
2.358	72.4506
2.359	72.4549
2.36	72.4583
2.361	72.4608
2.362	72.4627
2.363	72.4692
2.364	72.4749
2.365	72.4796
2.366	72.4836
2.367	72.4867
2.368	72.4918
2.369	72.4959
2.37	72.4992
2.371	72.5017
2.372	72.5035
2.373	72.51
2.374	72.5155
2.375	72.5202
2.376	72.524
2.377	72.5271
2.378	72.532
2.379	72.5362
2.38	72.5394
2.381	72.5418
2.382	72.5434
2.383	72.5497
2.384	72.5552
2.385	72.5599
2.386	72.5637
2.387	72.5667
2.388	72.5714
2.389	72.5756
2.39	72.5789
2.391	72.5813
2.392	72.5829
2.393	72.5883
2.394	72.594
2.395	72.5987
2.396	72.6026
2.397	72.6057
2.398	72.6099
2.399	72.6142
2.4	72.6175
2.401	72.6201
2.402	72.6218
2.403	72.626
2.404	72.6317
2.405	72.6366
2.406	72.6407
2.407	72.6439
2.408	72.6475
2.409	72.6519
2.41	72.6554
2.411	72.6582
2.412	72.6601
2.413	72.6626
2.414	72.6685
2.415	72.6736
2.416	72.6779
2.417	72.6813
2.418	72.6841
2.419	72.6887
2.42	72.6925
2.421	72.6955
2.422	72.6976
2.423	72.699
2.424	72.7042
2.425	72.7096
2.426	72.7142
2.427	72.7179
2.428	72.7208
2.429	72.7246
2.43	72.7287
2.431	72.732
2.432	72.7344
2.433	72.7361
2.434	72.7388
2.435	72.7446
2.436	72.7495
2.437	72.7536
2.438	72.7568
2.439	72.7594
2.44	72.7639
2.441	72.7676
2.442	72.7704
2.443	72.7725
2.444	72.7737
2.445	72.7783
2.446	72.7837
2.447	72.7882
2.448	72.7919
2.449	72.7948
2.45	72.798
2.451	72.8022
2.452	72.8055
2.453	72.808
2.454	72.8097
2.455	72.8109
2.456	72.8167
2.457	72.8217
2.458	72.8259
2.459	72.8293
2.46	72.8319
2.461	72.8356
2.462	72.8395
2.463	72.8425
2.464	72.8448
2.465	72.8463
2.466	72.8484
2.467	72.854
2.468	72.8587
2.469	72.8627
2.47	72.8659
2.471	72.8683
2.472	72.8722
2.473	72.8759
2.474	72.8788
2.475	72.8809
2.476	72.8822
2.477	72.8848
2.478	72.8902
2.479	72.8948
2.48	72.8987
2.481	72.9017
2.482	72.904
2.483	72.908
2.484	72.9115
2.485	72.9143
2.486	72.9163
2.487	72.9175
2.488	72.9201
2.489	72.9255
2.49	72.93
2.491	72.9338
2.492	72.9368
2.493	72.939
2.494	72.9429
2.495	72.9464
2.496	72.9491
2.497	72.9511
2.498	72.9522
2.499	72.9544
2.5	72.9598
2.501	72.9643
2.502	72.9681
2.503	72.9711
2.504	72.9734
2.505	72.9769
2.506	72.9805
2.507	72.9832
2.508	72.9852
2.509	72.9865
2.51	72.9877
2.511	72.9932
2.512	72.9978
2.513	73.0017
2.514	73.0048
2.515	73.0071
2.516	73.0101
2.517	73.0138
2.518	73.0166
2.519	73.0188
2.52	73.0201
2.521	73.0208
2.522	73.0255
2.523	73.0303
2.524	73.0344
2.525	73.0376
2.526	73.0401
2.527	73.0424
2.528	73.0462
2.529	73.0493
2.53	73.0516
2.531	73.0532
2.532	73.0541
2.533	73.0569
2.534	73.0619
2.535	73.0662
2.536	73.0697
2.537	73.0724
2.538	73.0744
2.539	73.0778
2.54	73.0812
2.541	73.0838
2.542	73.0857
2.543	73.0868
2.544	73.0872
2.545	73.0925
2.546	73.0971
2.547	73.1009
2.548	73.104
2.549	73.1063
2.55	73.1085
2.551	73.1122
2.552	73.1151
2.553	73.1173
2.554	73.1188
2.555	73.1195
2.556	73.1219
2.557	73.1269
2.558	73.1311
2.559	73.1346
2.56	73.1373
2.561	73.1393
2.562	73.1422
2.563	73.1456
2.564	73.1482
2.565	73.1501
2.566	73.1513
2.567	73.1517
2.568	73.1555
2.569	73.1602
2.57	73.1642
2.571	73.1674
2.572	73.1698
2.573	73.1715
2.574	73.1749
2.575	73.1781
2.576	73.1805
2.577	73.1821
2.578	73.1831
2.579	73.1833
2.58	73.1881
2.581	73.1926
2.582	73.1963
2.583	73.1993
2.584	73.2016
2.585	73.2032
2.586	73.2068
2.587	73.2098
2.588	73.212
2.589	73.2136
2.59	73.2144
2.591	73.2146
2.592	73.2197
2.593	73.224
2.594	73.2276
2.595	73.2306
2.596	73.2327
2.597	73.2343
2.598	73.2379
2.599	73.2408
2.6	73.243
2.601	73.2444
2.602	73.2452
2.603	73.2452
2.604	73.2503
2.605	73.2546
2.606	73.2582
2.607	73.2611
2.608	73.2632
2.609	73.2647
2.61	73.2682
2.611	73.2711
2.612	73.2732
2.613	73.2747
2.614	73.2755
2.615	73.2756
2.616	73.2799
2.617	73.2843
2.618	73.2879
2.619	73.2909
2.62	73.2931
2.621	73.2946
2.622	73.2976
2.623	73.3006
2.624	73.3029
2.625	73.3045
2.626	73.3053
2.627	73.3055
2.628	73.3086
2.629	73.3131
2.63	73.3169
2.631	73.3199
2.632	73.3223
2.633	73.324
2.634	73.3263
2.635	73.3294
2.636	73.3319
2.637	73.3336
2.638	73.3347
2.639	73.3351
2.64	73.3363
2.641	73.341
2.642	73.3449
2.643	73.3482
2.644	73.3508
2.645	73.3527
2.646	73.3541
2.647	73.3575
2.648	73.3601
2.649	73.3621
2.65	73.3635
2.651	73.3641
2.652	73.364
2.653	73.3678
2.654	73.3721
2.655	73.3757
2.656	73.3786
2.657	73.3808
2.658	73.3823
2.659	73.3846
2.66	73.3876
2.661	73.3899
2.662	73.3916
2.663	73.3925
2.664	73.3928
2.665	73.3936
2.666	73.3982
2.667	73.4022
2.668	73.4054
2.669	73.408
2.67	73.4099
2.671	73.4112
2.672	73.4142
2.673	73.4169
2.674	73.4189
2.675	73.4203
2.676	73.421
2.677	73.4211
2.678	73.4232
2.679	73.4276
2.68	73.4313
2.681	73.4343
2.682	73.4367
2.683	73.4384
2.684	73.4396
2.685	73.4428
2.686	73.4454
2.687	73.4472
2.688	73.4484
2.689	73.449
2.69	73.4488
2.691	73.4517
2.692	73.456
2.693	73.4595
2.694	73.4624
2.695	73.4647
2.696	73.4662
2.697	73.4677
2.698	73.4707
2.699	73.4732
2.7	73.4749
2.701	73.476
2.702	73.4765
2.703	73.4763
2.704	73.4793
2.705	73.4835
2.706	73.487
2.707	73.4898
2.708	73.492
2.709	73.4935
2.71	73.4948
2.711	73.4979
2.712	73.5003
2.713	73.502
2.714	73.5031
2.715	73.5036
2.716	73.5034
2.717	73.5059
2.718	73.5101
2.719	73.5136
2.72	73.5165
2.721	73.5187
2.722	73.5203
2.723	73.5212
2.724	73.5243
2.725	73.5268
2.726	73.5286
2.727	73.5297
2.728	73.5303
2.729	73.5301
2.73	73.5316
2.731	73.5358
2.732	73.5395
2.733	73.5425
2.734	73.5448
2.735	73.5465
2.736	73.5475
2.737	73.55
2.738	73.5526
2.739	73.5545
2.74	73.5558
2.741	73.5565
2.742	73.5565
2.743	73.5562
2.744	73.5607
2.745	73.5645
2.746	73.5676
2.747	73.5702
2.748	73.572
2.749	73.5733
2.75	73.5748
2.751	73.5776
2.752	73.5798
2.753	73.5814
2.754	73.5823
2.755	73.5825
2.756	73.5822
2.757	73.5845
2.758	73.5885
2.759	73.592
2.76	73.5948
2.761	73.5969
2.762	73.5985
2.763	73.5994
2.764	73.6019
2.765	73.6044
2.766	73.6062
2.767	73.6074
2.768	73.608
2.769	73.608
2.77	73.6074
2.771	73.6116
2.772	73.6154
2.773	73.6185
2.774	73.6211
2.775	73.623
2.776	73.6242
2.777	73.6252
2.778	73.628
2.779	73.6303
2.78	73.6319
2.781	73.6329
2.782	73.6333
2.783	73.6331
2.784	73.6334
2.785	73.6377
2.786	73.6413
2.787	73.6442
2.788	73.6466
2.789	73.6483
2.79	73.6494
2.791	73.6507
2.792	73.6534
2.793	73.6555
2.794	73.657
2.795	73.6579
2.796	73.6581
2.797	73.6577
2.798	73.6587
2.799	73.6628
2.8	73.6663
2.801	73.6692
2.802	73.6714
2.803	73.673
2.804	73.6741
2.805	73.6755
2.806	73.6781
2.807	73.6801
2.808	73.6815
2.809	73.6824
2.81	73.6826
2.811	73.6822
2.812	73.683
2.813	73.6871
2.814	73.6905
2.815	73.6934
2.816	73.6956
2.817	73.6972
2.818	73.6983
2.819	73.6994
2.82	73.7021
2.821	73.7041
2.822	73.7056
2.823	73.7064
2.824	73.7066
2.825	73.7063
2.826	73.7062
2.827	73.7104
2.828	73.7139
2.829	73.7169
2.83	73.7192
2.831	73.7209
2.832	73.722
2.833	73.7226
2.834	73.7253
2.835	73.7275
2.836	73.729
2.837	73.73
2.838	73.7304
2.839	73.7301
2.84	73.7293
2.841	73.7328
2.842	73.7365
2.843	73.7396
2.844	73.742
2.845	73.7439
2.846	73.7452
2.847	73.7459
2.848	73.7478
2.849	73.7502
2.85	73.752
2.851	73.7531
2.852	73.7537
2.853	73.7537
2.854	73.7531
2.855	73.7542
2.856	73.7581
2.857	73.7615
2.858	73.7642
2.859	73.7663
2.86	73.7678
2.861	73.7688
2.862	73.7695
2.863	73.7722
2.864	73.7742
2.865	73.7756
2.866	73.7765
2.867	73.7768
2.868	73.7765
2.869	73.7756
2.87	73.7788
2.871	73.7824
2.872	73.7855
2.873	73.7879
2.874	73.7898
2.875	73.7911
2.876	73.7918
2.877	73.7932
2.878	73.7956
2.879	73.7974
2.88	73.7987
2.881	73.7993
2.882	73.7994
2.883	73.7989
2.884	73.7982
2.885	73.8023
2.886	73.8057
2.887	73.8086
2.888	73.8109
2.889	73.8126
2.89	73.8138
2.891	73.8143
2.892	73.8161
2.893	73.8184
2.894	73.8201
2.895	73.8212
2.896	73.8217
2.897	73.8217
2.898	73.8211
2.899	73.8209
2.9	73.8248
2.901	73.8282
2.902	73.831
2.903	73.8332
2.904	73.8349
2.905	73.8359
2.906	73.8364
2.907	73.8383
2.908	73.8405
2.909	73.8421
2.91	73.8432
2.911	73.8437
2.912	73.8436
2.913	73.843
2.914	73.8425
2.915	73.8465
2.916	73.8498
2.917	73.8526
2.918	73.8549
2.919	73.8566
2.92	73.8577
2.921	73.8582
2.922	73.8597
2.923	73.8619
2.924	73.8636
2.925	73.8647
2.926	73.8653
2.927	73.8653
2.928	73.8648
2.929	73.8637
2.93	73.8672
2.931	73.8706
2.932	73.8736
2.933	73.8759
2.934	73.8777
2.935	73.8789
2.936	73.8795
2.937	73.8803
2.938	73.8827
2.939	73.8845
2.94	73.8858
2.941	73.8865
2.942	73.8867
2.943	73.8863
2.944	73.8854
2.945	73.8869
2.946	73.8906
2.947	73.8937
2.948	73.8962
2.949	73.8982
2.95	73.8996
2.951	73.9004
2.952	73.9008
2.953	73.9028
2.954	73.9048
2.955	73.9063
2.956	73.9073
2.957	73.9077
2.958	73.9075
2.959	73.9068
2.96	73.9056
2.961	73.9095
2.962	73.9129
2.963	73.9157
2.964	73.918
2.965	73.9197
2.966	73.9208
2.967	73.9214
2.968	73.922
2.969	73.9243
2.97	73.9262
2.971	73.9274
2.972	73.9281
2.973	73.9283
2.974	73.928
2.975	73.9271
2.976	73.9274
2.977	73.9311
2.978	73.9343
2.979	73.9369
2.98	73.939
2.981	73.9405
2.982	73.9415
2.983	73.9419
2.984	73.9429
2.985	73.9452
2.986	73.9468
2.987	73.948
2.988	73.9486
2.989	73.9486
2.99	73.9481
2.991	73.9471
2.992	73.9481
2.993	73.9517
2.994	73.9548
2.995	73.9573
2.996	73.9593
2.997	73.9608
2.998	73.9617
2.999	73.9621
3	73.9632
